2.57203748449683,5.80167245352641,58.4174391620266,1
3.21170086972415,5.81635515438393,57.6974583998178,1
6.66034498251975,8.56994051253423,51.0954769015287,0
2.46332401176915,2.27917795535177,63.9188859531266,1
4.93386941496283,9.14013932459056,84.2733521440658,0
0.0637581874616444,4.36682221246883,97.4694903010684,1
3.53878295281902,1.47907920647413,63.5804271362162,1
5.00381414312869,4.23096192302182,78.640885572838,1
0.872975250240415,0.137017995584756,77.5159503545312,1
8.28895336249843,0.0999243999831378,68.8429587268295,1
7.95315718045458,1.93212814629078,52.7876709394899,0
4.71735715167597,9.24134515458718,74.7114604451802,0
2.3882745206356,2.47508922824636,73.7188755963605,1
2.08196630002931,7.81600276241079,78.5349696776059,1
6.0148528823629,0.985806402750313,64.4438583857535,1
6.36907389387488,4.71520545892417,68.1768903760341,1
7.96782749006525,5.98059224430472,84.5014473736307,0
5.51339106168598,9.86815373878926,71.1945689103782,0
9.24194305902347,3.78231879556552,70.6649924704508,0
0.0263047870248556,4.56890900852159,53.6298185746282,1
4.87909011542797,0.533071185927838,66.1842503811826,1
7.5015443470329,9.99642811249942,65.3259531380097,0
7.75724651757628,8.5041574970819,70.838319663402,0
1.33540795184672,9.08495523268357,80.2106351928812,0
4.65978693217039,3.50071348249912,75.4609526124861,1
1.72386435559019,4.405123796314,72.3837903862577,1
4.85225327080116,6.77083867834881,68.8188837092056,0
9.42163247382268,2.21790766110644,73.4571031843485,0
6.15385359851643,5.43001434765756,59.1680402627396,0
6.93569513270631,5.85009722970426,66.0244429518797,0
9.56622778205201,6.70308407163247,49.9203124769072,0
3.87677704449743,7.04429384553805,54.2934775624316,0
1.58797698793933,8.10912274755538,60.6180719845707,0
6.99514330131933,5.0059204059653,63.7455530737352,0
7.14247137308121,7.35147719271481,52.8707509983611,0
8.28525669174269,9.40123494714499,68.7517969659337,0
7.10759577108547,7.34858011826873,57.4129049246896,0
6.01126912748441,3.75464886194095,63.2489392666239,1
4.14932052139193,5.27928743278608,64.7286058229618,1
1.37834390392527,6.97211932158098,56.8363591516986,1
5.18736215541139,1.95300423307344,59.4428066196653,1
0.124021407682449,5.80909057985991,51.3295708755128,1
7.6756811956875,7.46279205195606,72.7391633703689,0
0.171946547925472,5.34943051636219,53.7605253053975,1
7.30851603904739,8.40998233295977,51.2124657553027,0
5.41712995851412,2.24046213086694,68.0097332748756,1
5.57476837886497,3.80721526918933,59.3933630548827,1
1.73709989758208,2.22179281525314,43.4613163693904,1
1.52785640442744,4.6108265593648,54.731084886697,1
9.08659829990938,2.65987508464605,69.5308657117652,0
3.81754992995411,1.23685886850581,62.2565154577966,1
0.815162067301571,7.89783573709428,67.7138832623439,1
5.19407771062106,5.53611314157024,61.5157504607562,1
2.17907230835408,5.43442060705274,60.179482465469,1
5.10879092849791,2.88380739744753,62.5799921470785,1
8.5854933410883,6.84517612913623,78.5581954174881,0
3.832586503122,9.16599450167269,68.8792728762834,0
5.49315368523821,7.43378585902974,62.0957318100634,0
4.46697437437251,4.54082891810685,56.0296471015733,1
6.88750507542863,2.1743862121366,57.3711570376268,1
3.87887995224446,8.33234318066388,72.7180333282747,0
3.97703777067363,8.72245135018602,72.2263669308665,0
4.52317688148469,8.63610358908772,57.7673416107318,0
9.47648202534765,9.03138589812443,67.5346710625129,0
2.31285018380731,2.7259693830274,62.4334900682619,1
3.88978164643049,6.97136955801398,71.9437181050957,1
8.10360182775185,3.94586097216234,51.9098103816306,0
5.07805629400536,6.89083923585713,76.4815334684289,1
1.65937905898318,0.884191098157316,79.4873828170112,1
9.1824107337743,1.26105862203985,58.5343378798253,0
3.42036443762481,2.22992100985721,78.6157724289512,1
1.84855383820832,6.19353587506339,58.7083804375929,1
9.35923565877602,8.32313524093479,62.400063882978,0
5.62012933194637,1.8667909107171,69.934433000906,1
9.83991825487465,9.30773225845769,83.7160144426778,0
5.27676140191033,4.79344195919111,72.0483753938481,1
4.5946764270775,6.79862131364644,78.8321161416324,1
6.86897466192022,4.48599554598331,81.5909012762263,1
1.53077163966373,8.65436964901164,80.4758042264502,1
3.73495291685686,0.33275987720117,69.3411206787804,1
9.23128036316484,3.70136597193778,76.4132899350268,0
4.98693407746032,3.10435549821705,69.6030385120017,1
0.946936663240194,5.41023069527,72.0116967304637,1
1.46081795915961,9.35656283283606,75.6702897522715,0
3.75232357066125,1.95860399398953,69.9146168851528,1
5.70445968769491,3.01233232952654,61.4311891575092,1
9.86867548897862,6.28470555646345,70.1894109904045,0
3.08610836043954,3.61856808653101,74.7679264526839,1
3.46124390373006,0.247550050262362,64.7010442719614,1
4.38358666142449,2.26667018374428,70.5449875671275,1
9.98123337514699,8.16352259134874,72.387499579482,0
9.50616927118972,4.45650558918715,72.9557751687421,0
7.98147685127333,2.99988757586107,52.0584239503778,0
2.2210339573212,2.04804198350757,68.2240531451259,1
7.4012625659816,9.87933072028682,54.9274219878253,0
3.50791598670185,1.34134270716459,61.3632180997861,1
1.57903164857998,7.02610130887479,73.1409199341004,1
4.87752967979759,4.70335838617757,65.3774452113859,1
9.42411318654194,6.83817014330998,76.6284949814944,0
5.37665095878765,1.57918416662142,64.9544004162781,1
0.00275227939710021,9.87262449692935,48.2755397179433,0
6.93220364395529,4.41721644485369,73.64867846744,1
0.336191868409514,8.82806774694473,58.7081748752097,0
8.66521215066314,6.26988087082282,68.3947434616796,0
9.0179199539125,0.291482585016638,86.1322935197671,1
6.28049563616514,1.93614059593529,70.2409494251405,1
8.27968693338335,5.67644904134795,64.8121187221251,0
5.97082135733217,1.47342586424202,84.3341348103573,1
1.03503917809576,2.10225177230313,89.5038285773928,1
4.54461969202384,8.81117425393313,65.9905229469119,0
6.25884756213054,9.17040911503136,82.5794283991025,0
0.139334697742015,8.96870956290513,75.5051471934602,0
0.8899737149477,5.04399028606713,69.4241022076814,1
8.52649567415938,6.16484563564882,64.0115770545755,0
4.53314169077203,8.67507043061778,80.3632159719266,0
8.87478721793741,0.601057065650821,50.8015082125509,0
0.0680013978853822,6.83901867363602,69.9864531883392,1
0.927935452200472,5.86802145000547,68.625658643819,1
9.88188204122707,8.47956547513604,59.7611920218215,0
3.53007634170353,3.09586004819721,58.8285939933574,1
5.50232775509357,1.46741493605077,64.3995140164709,1
6.11069215694442,6.64347689365968,71.6764366446238,0
9.84627495985478,9.22960676020011,62.5423769498036,0
5.14142656698823,5.24863473605365,67.0301988008385,1
6.70752515550703,6.86124398605898,81.4833391070857,0
2.5196756888181,6.68396987952292,60.4716102684269,1
8.56899747624993,8.77034071367234,81.0202341995642,0
8.93393764505163,5.65142020583153,80.0789133982137,0
6.6276218299754,5.79574116505682,77.5511458682474,1
1.63987614912912,0.227276948280632,64.53951393717,1
1.45932618528605,9.06766938278452,58.5967089272867,0
5.3931110817939,5.50853939261287,66.7452105690101,1
7.72246855776757,7.50854852842167,56.4988489547683,0
4.66302372282371,1.30575798917562,82.6642273941984,1
0.952935961540788,1.44236527616158,57.4458974523901,1
7.07842441508546,4.12885078694671,63.4061388899927,0
8.68236763169989,7.67118805088103,64.041449938754,0
6.1027199937962,6.58667150652036,49.9044875324229,0
1.02051395922899,7.8027679072693,71.172015338999,1
5.98970542894676,1.46322285523638,59.9037234572989,1
0.731344101950526,1.72295884927735,82.514375558754,1
4.73730143159628,4.14792947238311,57.0496639991454,1
1.99595108395442,2.62388952774927,71.8754590289553,1
9.47277480736375,4.22588105546311,68.444251999649,0
1.47024606121704,7.10805256618187,57.7143481351147,1
2.15413328725845,7.38914677640423,64.382351487806,1
5.26710036210716,2.3919593798928,66.9728824083782,1
6.17042992729694,3.64678589627147,61.2549988311755,1
0.363195729441941,5.05429875571281,71.4220297567185,1
1.91770639270544,7.81590356491506,48.4097664331474,0
8.64835664629936,9.04341752640903,84.2927578421417,0
9.91894802544266,8.38540332391858,78.8034270958418,0
2.11691897362471,5.0747146573849,90.0436559267588,1
4.9631883087568,1.91362998448312,72.7910072189409,1
0.763134609442204,6.31785020465031,72.9499355143105,1
0.6349659524858,7.5026585906744,54.5151323483738,0
5.53833389189094,3.54168942198157,60.338845769976,1
9.91282468428835,4.90707059623674,74.3305609220807,0
8.15957984887064,6.62540929857641,64.3932269950076,0
2.37158033065498,3.37830138159916,72.1800795259643,1
8.60339930746704,1.70193091034889,43.9709192531426,0
9.40217521972954,0.592682308051735,61.9771196667601,0
2.43917861953378,4.86084837466478,56.2672682985887,1
5.40453801397234,4.57606195705011,67.7849528953246,1
3.12790416181087,3.12985590659082,67.1751987451749,1
6.22008183272555,6.25053290743381,57.8460031417496,0
2.58283543400466,8.07535958243534,64.9896757752733,0
7.32068172423169,6.56979724299163,72.2188008081638,0
9.04270278755575,1.71538236085325,80.2743750053119,0
6.03510311804712,4.12832255475223,69.2762708976358,1
8.30904714530334,1.5454516466707,71.2008662371706,0
9.51833655359223,4.23916042549536,80.603654227619,0
2.73517871042714,1.87321520876139,37.6162114381012,1
4.41444922005758,4.44988852599636,59.4082964640672,1
3.39842511340976,0.933068762533367,63.2115500857963,1
6.04500549845397,0.584075492806733,51.3303545541793,1
3.01851612050086,5.23799756541848,58.0122215598266,1
1.05957799823955,8.25572003610432,64.782094830186,0
5.93753950670362,7.12135072564706,65.3043009110422,0
9.9966257228516,3.31163296476007,60.4643775508649,0
7.10226585855708,3.24601117521524,59.9463709869401,0
7.29521599598229,2.39235326880589,72.4481618786973,1
2.37823366653174,0.563961884472519,73.5043744882002,1
9.50260848971084,8.34100732114166,90.5703804907031,0
6.12832652404904,7.57813895354047,52.3685500045863,0
6.11943720141426,4.00753494817764,80.4022896513773,1
2.24578330526128,2.39130440400913,51.6368275165098,1
3.50561417872086,7.3930895072408,76.0196398288847,1
6.33379243779927,1.8188474024646,77.1143894113791,1
2.88857667008415,0.0526401214301586,84.385895333546,1
1.16485461359844,3.47674009157345,61.8103650041901,1
4.82953213853762,2.96680636005476,54.9949524912456,1
6.45034304121509,1.29035389982164,66.2750605153509,1
0.798383574001491,0.774878652300686,76.6002046655335,1
1.5094086015597,1.21565384557471,59.3588597871411,1
5.13997455360368,6.93609849782661,66.0802567771273,0
2.9069068399258,6.0811709985137,60.4881404985655,1
1.39000244205818,0.659648401197046,66.9473768933455,1
8.51147587876767,8.22931666858494,58.729757045957,0
0.642432689201087,0.920652779750526,72.4273612356078,1
1.21345155406743,7.32801988488063,67.9726116716512,1
9.01604573708028,9.00076613528654,72.7382572179427,0
7.54707033513114,5.22864466998726,81.844928988143,0
4.35929884435609,9.97669118922204,56.9524070342104,0
8.15928537864238,9.96483292430639,62.045018058149,0
7.68268982879817,9.43223099224269,60.9624037574488,0
6.1894988687709,6.67324933456257,73.7097089620423,0
2.77644386747852,1.27201422350481,48.4056196042109,1
7.96288681449369,6.94733451819047,65.8879718675505,0
9.00960947619751,8.50713226478547,68.6611213548726,0
1.72995464177802,0.237495740875602,64.7546862282346,1
5.15059204539284,3.0168034741655,60.3004404907746,1
3.05380500620231,1.55737611465156,71.7827330012535,1
4.61854692781344,9.63244344573468,70.5119506430467,0
3.84967727353796,0.316625293344259,78.6446877665664,1
6.01444259751588,8.72568484395742,75.0581981275197,0
5.60787592548877,8.94314465578645,61.447404011187,0
6.37833588058129,9.15021145017818,70.759011802466,0
6.66772394673899,4.88309538457543,68.8589982531019,1
4.23247428610921,8.54209146695212,63.4103637914452,0
6.13306378014386,6.91698581678793,53.519706296677,0
8.95091934129596,6.89511676086113,58.9735747724804,0
5.53073738934472,8.56748062884435,72.8665975686047,0
8.78773939330131,6.66929993545637,68.6799412160498,0
2.62912758626044,5.63373582903296,70.9545358310836,1
8.19696731399745,3.9125137613155,66.4727229080746,0
2.33117500785738,7.21102789510041,63.1747171574198,1
9.06488529639319,6.87977401074022,58.9141184854829,0
8.97624290781096,9.82694635633379,69.0100308937865,0
2.74962385883555,2.5614341464825,60.6046080268307,1
9.72661965759471,6.43189843045548,65.4230654569303,0
7.96228119637817,1.79217701079324,55.2261610293776,0
9.67545795021579,5.51878614351153,84.651112490103,0
2.89454868528992,0.254557388834655,73.9096941445223,1
8.06715783197433,1.65920329745859,57.9458652818347,0
7.60279459645972,9.89880515728146,63.4092285246477,0
4.13142234319821,2.14254785794765,42.3753381385564,1
1.56904296251014,7.43323793634772,90.1145440701985,1
2.17386628733948,6.69059951556846,59.9701182850104,1
5.80417900113389,7.71081776591018,72.8212867040658,0
1.23775315238163,9.73106127697974,66.1491904199504,0
4.52900458825752,4.58341638557613,60.1641258436413,1
2.39702274091542,9.47656659176573,63.1944829891428,0
9.01650516549125,2.4002098897472,65.8855187691016,0
3.83962060557678,7.52217422239482,70.3406422185584,0
3.63066184800118,7.25220861611888,72.8516698236577,1
3.62736436538398,6.59096739487723,87.1339034058852,1
8.26082173502073,1.43576561007649,71.226590293532,1
8.35462719202042,2.34417382860556,68.6974626905364,0
5.9341801633127,4.03428981546313,50.6791137095474,0
9.35162008274347,8.55849893298,78.2251926362233,0
8.06458034785464,8.72324403841048,66.1196416623995,0
3.76648504752666,9.2530857026577,74.7046240981316,0
7.86253779893741,8.07856315281242,52.8193428189757,0
9.99731424730271,8.0835775914602,68.0686326380118,0
6.45981960464269,7.52781756455079,78.4193387421183,0
2.16891038464382,8.02903685485944,68.4664769968604,0
3.35508823394775,8.24714253190905,75.7299467251813,0
1.52878732420504,9.62867893045768,64.4626322674876,0
4.99407754046842,0.499472483061254,60.3811256923713,1
3.9293423644267,8.46139386063442,58.1505246814268,0
8.78896376583725,1.88140933634713,51.9523111146887,0
4.85177676193416,2.51046079443768,58.3751491938578,1
5.17380757257342,2.40373800741509,67.2500599672596,1
6.9101568707265,0.833181526977569,92.3057063902536,1
5.51061717327684,2.01293190475553,70.6251409590628,1
8.89743529492989,6.6990460595116,72.0217753195371,0
0.280728603247553,8.57305624056607,63.8673795655782,0
3.1167790805921,1.4548738533631,89.4191245401258,1
4.36152170412242,1.63780256872997,72.0551305677075,1
8.79128667758778,2.07129122689366,62.743728235711,0
2.62700777966529,9.00109711335972,75.7416742886374,0
9.68479003990069,9.6588143077679,45.1676154880436,0
9.15487785125151,2.3127252003178,61.9746048724946,0
7.17984631191939,3.559136739932,68.7216020030586,1
3.44505748245865,2.59822209132835,63.6256730940373,1
9.82077191583812,7.44759728433564,77.5255675419386,0
5.59225768549368,4.93170291883871,73.810210408852,1
7.42699203081429,7.18483196338639,68.3749967504892,0
2.05679279984906,5.93808014178649,63.494688579597,1
6.6678887186572,7.8948785061948,79.0440657378122,0
1.23391965404153,1.05827555526048,54.8950243289168,1
2.47237196890637,6.90734842559323,84.0045806763479,1
4.02854062849656,2.00922915246338,47.7972250758556,1
6.53006183449179,0.626895832829177,48.2107605846491,1
6.25018495833501,5.52283472847193,79.9445781363918,1
3.46579391276464,5.34608545247465,70.4142919997687,1
5.96102571580559,5.99680727114901,70.3561921046087,0
0.975331510417163,0.103714044671506,72.4473397822689,1
1.91424802178517,2.40995007567108,65.7899966677888,1
6.19249810697511,1.84575366787612,60.5023158082365,1
4.92055787239224,6.85274847084656,61.4832654320455,0
9.15149297798052,8.15382543485612,49.1659024329942,0
7.73733436595649,9.96799359563738,60.2587829866997,0
7.39746952662244,6.61564819281921,59.8620426551706,0
2.19646394252777,1.61755934357643,49.5690226022101,1
0.371254575438797,7.29247083654627,80.5967009346008,1
7.78963228221983,1.93864987930283,59.847055589259,0
2.03872015699744,7.7360989828594,72.5007964422383,1
1.10825180541724,6.92265747813508,60.103619152784,1
5.81438844557852,4.47949262801558,55.5293274317938,1
9.21728654764593,5.92061235103756,60.79032311189,0
6.22351160505787,2.07363709108904,70.9460131223472,1
2.18842818401754,8.83513574488461,48.2729491381721,0
6.03134389035404,2.70676811691374,58.0697478266457,1
7.89356312016025,3.29028440639377,45.6242835825921,0
3.87282289331779,8.77556113060564,52.7988545853156,0
6.1562306038104,8.08873116737232,84.4005859586774,0
3.13535800203681,0.798576013185084,74.742064796566,1
5.29175178147852,5.27915535494685,65.4969118026043,1
3.46629257779568,3.227533926256,68.2872047221446,1
9.20979424845427,4.04100880026817,53.1081172260279,0
0.149605988990515,1.08567497693002,65.654808271698,1
2.34676754567772,5.91329546412453,53.9889123318153,1
5.49595681717619,6.3259139447473,74.087847099034,1
1.81939953472465,9.02927121380344,74.3173577270726,0
4.26513013197109,5.64661775715649,86.068043155942,1
4.84208561247215,5.65169354900718,62.7089131893925,1
2.30445081135258,4.4225695473142,73.6686094770613,1
4.6212489483878,9.42483716178685,70.44537758434,0
4.18684316100553,4.58606195636094,69.9185627694264,1
6.95575753925368,6.68968702666461,78.2822011467241,0
6.103276880458,6.59137564478442,71.4329026785671,0
7.11792669491842,5.77813093317673,66.6676041758506,0
5.4307101177983,7.17318665701896,72.5018869756488,0
8.21639885893092,3.19926074240357,52.0447979041321,0
8.45434147166088,6.87979796668515,80.2597003009103,0
7.32778366422281,7.03877432039008,70.1981418141441,0
4.12683272501454,7.35273248516023,65.5911237422339,0
7.29602003470063,0.251732799224555,67.4809134062599,1
6.33905528346077,0.920524457469583,74.2151589494187,1
5.6799640529789,7.28091893484816,78.016996917041,0
5.95336732454598,7.07605871139094,60.5209816597524,0
6.62818449782208,1.20495294220746,61.34908353325,1
6.94843773031607,4.90953792352229,69.4929790512076,0
7.85561398835853,7.71137764677405,76.7909053930585,0
6.70986634911969,4.93380960542709,48.7341023742657,0
8.39166118297726,4.82132807606831,68.6735101830855,0
5.10695914039388,4.49966741725802,72.209393175522,1
1.12423506798223,2.77681818930432,81.0915709674894,1
8.31557851051912,8.32784935133532,57.4863526520312,0
3.79157022573054,5.2578108292073,75.199711819665,1
4.19962168205529,9.79290958028287,62.1834872493725,0
2.12966410210356,2.85808599321172,80.9112577971338,1
5.07798423757777,6.48247704841197,74.2078090657137,1
9.41062944941223,7.60185758117586,82.1751412629574,0
6.70869512250647,4.32545010233298,72.494118371368,1
3.18877006648108,7.32768244110048,71.2677410465257,1
0.479188323952258,6.35794639587402,74.0955291770289,1
6.14758372073993,4.04032399645075,57.9778946557018,1
1.38510310323909,0.859249336645007,73.9984116218846,1
5.9174476005137,4.72586825257167,66.2190442991309,1
0.257054951507598,9.4212466920726,71.407206898003,0
5.54400379303843,4.02083225781098,70.2145032743642,1
8.44140207162127,7.11127810413018,61.0836371095018,0
0.184167244005948,9.39416668377817,66.0800500974117,0
3.86842201929539,0.71157215628773,70.4440826845949,1
7.96696690609679,8.00533172674477,67.4481111046188,0
1.21026108507067,1.30077830981463,79.4126012024498,1
8.69957020273432,9.78354703169316,70.5594105502063,0
3.15307470737025,3.48890371387824,50.8606700811796,1
8.97878849413246,0.146340848878026,53.8212530075472,0
5.24860319914296,8.06628436781466,69.0647394838138,0
8.69999022688717,2.71742838434875,66.1386361049984,0
4.0510141174309,0.178838560823351,66.7287011818269,1
4.66310728807002,3.29081724397838,51.4187636392623,1
5.45608086045831,4.2995180003345,77.7028501256504,1
5.68508455529809,6.03593376697972,70.8417345156008,1
6.47389356512576,0.239016872365028,83.1540865063181,1
3.56599682476372,8.842330458574,64.1987828583236,0
9.13758600829169,8.65038598654792,71.3781881569557,0
7.35597817227244,1.02962704375386,73.8439342310074,1
6.70500138774514,0.276424547191709,77.9575360237546,1
1.98360373731703,3.94630960188806,60.0957371896949,1
4.47086826665327,0.130198141559958,68.6501411176479,1
2.77338321786374,7.00458282139152,55.2962618746012,0
1.68655306333676,4.58369399188086,66.9781452328572,1
7.51062519848347,6.85000118566677,93.3589825971614,0
0.0142646650783718,4.21527567319572,91.3802110235926,1
4.93360852589831,4.46673559490591,69.4406780962955,1
3.14797134371474,8.07494954671711,86.7215002270059,1
5.68596956320107,8.81902990629897,58.4858845940842,0
5.35039243754,7.00856087030843,56.8275231705566,0
1.05891501996666,8.07010065065697,49.4780274697199,0
0.50368832424283,9.11628017900512,53.3562256200489,0
2.47887275880203,5.35580925410613,74.6139426144105,1
8.87551626889035,3.23312481632456,82.3890227844342,0
7.02382519841194,0.366121425759047,68.5319353184397,1
6.02072910638526,5.48672951059416,70.3122370732838,1
6.87592474045232,4.556251950562,74.9697542965514,1
9.63686707429588,6.01556258974597,61.1107709063134,0
3.34169040434062,0.741661521606147,64.9690720420918,1
6.36912971269339,2.65937151620165,66.2003895814777,1
0.552526493556798,7.1577730611898,66.4089712006332,1
2.84124554833397,8.75315449433401,57.2456870405058,0
7.75347953429446,3.94775728229433,68.7957540837547,0
7.94899282511324,8.27738455031067,58.6627869014826,0
3.33287158748135,6.6867854911834,78.0736980922399,1
7.36043301178142,5.63318678410724,74.0077131030079,0
0.815804146695882,4.65166525682434,77.400098630156,1
7.07156404387206,0.2572897891514,70.1261867060385,1
0.729093335103244,5.30262362677604,71.4927799259145,1
5.22600434022024,6.05114437639713,67.6976038695209,1
7.53154723206535,5.86633960250765,78.1475900272722,0
6.29039255203679,3.68165002204478,53.507520827136,1
6.10128668136895,6.58157825004309,70.2269232868735,0
7.0640132157132,3.76339330803603,65.8089650277183,1
1.59963132115081,5.21793189225718,69.0129190778143,1
0.403789137490094,5.83121684379876,59.6606135993662,1
1.01300556678325,2.73184939753264,76.8629144300758,1
6.51204703608528,7.89072290761396,55.2301458634755,0
7.81327581033111,5.3699185885489,77.8751770271146,0
0.0387769215740263,6.70271954964846,89.8847808627108,1
1.57585583860055,2.16401120414957,61.1534200133673,1
5.62792016193271,0.808949638158083,53.838863985159,1
2.70992019679397,7.9219909477979,72.6207214958604,1
5.78718821750954,0.677511310204864,57.0753404758052,1
7.52939585363492,9.63908523786813,75.6037750942794,0
3.18476038286462,8.3843511599116,58.8140935426195,0
6.43731644377112,6.54237463138998,52.3312202832262,0
9.05040710931644,0.884827212430537,76.9098852227759,0
1.59011319279671,8.07764015393332,63.0429647378203,0
0.0350261316634715,6.4052501344122,67.1962626592362,1
7.27108671097085,6.50806265417486,55.1371881935534,0
5.22086144657806,1.75018164562061,78.270388489716,1
8.05181994568557,3.73893697280437,53.333406154927,0
1.86337958788499,3.32448605215177,51.9748785988222,1
4.09407755592838,2.7008575736545,63.232484815018,1
9.89011609228328,4.94843995198607,56.4174452862768,0
4.05400368850678,4.83559931162745,62.589685262845,1
7.98802542733029,4.07319116406143,55.55590243529,0
6.72289671376348,1.31774144945666,62.0723542107275,1
6.07775386888534,2.54822262795642,76.9459878247458,1
6.47059013601393,2.66876762267202,64.3213952096957,1
2.32515732292086,5.48453894909471,68.3096836082138,1
9.48644517222419,3.31882496597245,63.3956124512147,0
1.87410617945716,3.87863520300016,64.0864337923536,1
1.01686911890283,9.26205172203481,56.8764350656471,0
1.35828635888174,6.17984321899712,56.564560936639,1
5.25915819685906,7.04157719388604,68.8063487534754,0
9.3788588931784,4.56052675144747,76.9095971043701,0
9.20011711074039,3.02938151173294,46.3516422407561,0
5.22571292007342,2.35893323551863,58.7899858045594,1
1.87735649058595,9.97817856958136,72.2172558123984,0
6.35823683813214,3.77252506557852,62.1152458814024,1
8.93248666543514,4.03955065412447,42.7193056681932,0
1.48276835214347,2.21335297450423,55.0906396098535,1
4.91813031258062,1.20032541453838,63.4306876377835,1
2.82264147885144,5.21624534390867,57.7497496194192,1
8.05570352589712,4.28680569166318,48.0737315598454,0
4.77621991420165,4.27956210682169,41.0914103651516,0
7.79218187788501,2.46158550260589,70.0158712159952,1
9.83268194366246,9.3770619854331,67.0194202742914,0
3.7853392213583,6.99837258085608,87.3500620624264,1
3.49735135911033,5.84169732173905,76.6423060131877,1
3.01200848771259,8.73096543364227,57.5999622476389,0
0.7458032714203,6.76566164474934,64.7074719646484,1
7.30687585426494,5.0061932625249,58.0529164169704,0
9.6621719491668,8.29315999522805,68.6653030863607,0
2.08400631323457,9.59118126891553,77.0915199007262,0
1.00715707289055,7.13065220741555,60.2549786694196,1
2.83407123526558,6.6650275234133,75.4103536173116,1
2.32465799432248,9.40577225526795,79.6618625534432,0
6.92872831597924,6.78759106667712,39.7205199296216,0
5.9929087315686,7.06701923860237,73.3438435608258,0
2.30779522331432,8.81217264104635,56.208141234033,0
1.00896030664444,6.01840667892247,67.5630384280548,1
2.52639775164425,1.10895300284028,94.6033994090762,1
5.50015850691125,7.48499747132882,48.8220246597612,0
7.44390466250479,2.5526106194593,56.2787530901959,0
3.97113268729299,1.76521850982681,87.2438529029418,1
8.29617288196459,0.340101474430412,62.9447238712395,0
1.56792981084436,8.05107143474743,62.4952795686467,0
8.2244926225394,7.26414601085708,56.0835170439728,0
3.84392142528668,0.171800330281258,68.4027239518852,1
1.88859460875392,3.54595215525478,61.4666768621187,1
1.75022928509861,2.32455759542063,66.3934546634495,1
4.09809532109648,5.77736519509926,68.9213536603089,1
0.449832649901509,1.33633740944788,60.0114878151743,1
1.37399684172124,2.09546094527468,70.438240644932,1
8.6760718212463,0.618440567050129,57.1233610145736,0
9.69385292613879,5.90272728120908,70.3156138333476,0
6.8951253243722,4.53242480987683,81.9147666180436,1
5.13708123471588,6.07071527512744,63.9734119405185,1
1.2468715547584,6.02561144158244,46.4254438327201,1
1.33780382107943,9.0730112302117,54.1289430276864,0
4.50952955055982,1.46673520095646,65.6421901343704,1
5.48725340748206,2.74344051023945,68.2167979051951,1
0.537072904407978,0.21247954107821,72.3883371433677,1
3.70261132251471,0.668397413101047,83.181452598174,1
8.48667137790471,1.45474511897191,59.5806437981606,0
7.08319193450734,8.12807396287099,72.3909478614918,0
2.35758512979373,6.38722160831094,90.8337585315889,1
6.71210785163566,6.84606670634821,56.8325362343676,0
5.97131888382137,0.82829158520326,70.7876899904795,1
9.56127861049026,1.93349546985701,73.68778583173,0
3.97153282305226,8.16429196158424,63.8632271847996,0
6.11881189281121,9.78004637174308,74.5174548545663,0
6.36536193545908,8.43561908230186,71.571267577295,0
9.69377335160971,0.138921607285738,80.1263381767763,0
0.51817326573655,8.7394026783295,46.8425368993763,0
6.69155011652038,4.69531326554716,67.1035962725779,1
6.73909616889432,4.35234875185415,58.5900463844671,0
1.28796007251367,1.74456094158813,77.33152466818,1
8.28367087757215,0.888768504373729,76.4382331885837,1
0.0685377884656191,3.28800050541759,91.7032686372757,1
3.327643701341,9.93331346428022,75.4943966095529,0
0.461089310701936,0.508192721754313,75.5232447925765,1
0.366192914079875,9.87981673562899,76.9837893795646,0
3.14970189938322,7.75990046327934,70.179716830647,1
1.16122053237632,5.56572441710159,73.9725846420849,1
9.21678146580234,9.933289042674,58.6567907235106,0
1.9446192891337,5.53668634500355,85.399667900463,1
0.237765593919903,1.29488897277042,60.5190109065438,1
6.18886263342574,3.70051966514438,70.7365326470486,1
5.98170996177942,4.08454235177487,64.0933432936944,1
4.74068297073245,2.8867526515387,54.1696197139246,1
6.94454213837162,5.67635371116921,70.5443565323514,0
7.79328214470297,0.347669045440853,47.8900793879729,0
7.5326463766396,4.163582182955,75.7943587196495,1
9.3043396808207,5.46911119483411,59.6039610619075,0
2.46462441049516,7.33287587529048,72.207387348813,1
3.3562140353024,9.73301805090159,62.9664427379815,0
4.28906427696347,6.37238182593137,57.4298277995796,0
5.28876203112304,9.50620347866789,62.1203442798659,0
8.54126730700955,9.39470471348614,60.2261664462704,0
4.60459099616855,6.17165352450684,69.4437921770897,1
1.24132261378691,0.41642994619906,82.351472023418,1
6.02007680572569,2.39512119907886,68.461115805442,1
0.264629765879363,2.23813269520178,59.462150950781,1
9.23961438238621,7.79811605345458,70.9964957915386,0
3.96941012702882,1.02382133482024,51.8522251804515,1
4.27765618078411,3.03260569926351,76.176360362852,1
1.19900083169341,4.82437970116735,54.4012039364396,1
6.98317187838256,7.44286043103784,81.6306242187933,0
8.60535032348707,8.4075335925445,50.5996021277113,0
5.63138243975118,2.34395227162167,75.0228427442605,1
0.15386174665764,0.173008635174483,72.9278533152082,1
5.48542134929448,4.72236302448437,50.2544704782175,0
9.88496498670429,1.84971916256472,66.1364725726821,0
0.744167394004762,5.72745602577925,70.7521327501993,1
0.0670754676684737,0.41443367023021,55.2135887441617,1
5.23961825761944,5.51383681828156,67.7087701315105,1
4.59098062245175,1.0717512620613,74.7864117072673,1
8.33042863756418,5.72351143695414,61.0109915206131,0
3.12399065354839,4.11628171335906,85.4818750456749,1
9.46160989115015,8.27536933589727,67.093792703241,0
5.64760726410896,3.31325581530109,48.5832173193858,1
7.02739163069054,8.19281875388697,61.7483091725811,0
6.89586910884827,7.6322122127749,67.6761863602312,0
7.03288606833667,5.32276418991387,67.4147585696104,0
7.93719940818846,3.33781802793965,61.2511061120827,0
4.35716113541275,7.59811712196097,81.2065994958504,1
3.46515329321846,3.87642280198634,79.6706883234815,1
1.51265244930983,5.4874963243492,66.3188438084715,1
8.89468971407041,7.79202225618064,80.7807429203174,0
7.19859336735681,9.13649805821478,64.1908753314347,0
2.0863149035722,7.18857156578451,73.4399945249846,1
2.06986032659188,3.82652666419744,56.381348080404,1
9.97707840288058,2.07069435389712,85.7218408550701,0
2.80223313253373,7.72398033877835,61.8340998840798,0
1.65056189987808,6.98874200461432,57.3992524384474,1
6.55267555965111,7.62921600602567,81.2142636165751,0
1.59551717806607,8.33658589050174,59.679372643236,0
1.34566522669047,7.33348443405703,56.6099742285075,1
6.14112172275782,9.66510070720688,65.741622227607,0
9.0771405142732,0.873004395980388,63.2801250726747,0
7.2759119188413,8.42581159435213,56.8154720003276,0
5.53475514054298,2.29909481015056,74.785930418443,1
2.55500444676727,8.25878125149757,60.364729204574,0
3.04653703933582,9.26582606509328,68.6669354198099,0
9.55323945032433,4.09304125700146,70.3269272801926,0
1.83666170574725,9.45983689976856,90.6583169521789,0
0.107311615720391,2.88395771756768,58.7433612427115,1
1.29376486642286,4.96523833833635,68.4343326411777,1
1.84112779330462,3.33363259211183,79.9549207196813,1
1.81210492970422,1.72133792191744,59.0402296052801,1
9.83683502534404,4.57395429490134,63.7946924510296,0
9.29461705032736,7.22788515733555,55.8119668623102,0
6.26004344550893,5.68161649163812,51.7373293686937,0
8.18067490588874,9.38935399521142,64.9198506442328,0
9.68901015352458,2.27038727374747,58.6475087668014,0
9.0763139910996,2.61390140280128,76.0202662753965,0
3.5637536784634,2.14174155145884,56.940534987084,1
5.9339621476829,1.05169876245782,73.8465166450078,1
0.573193456511945,4.86440255772322,79.6211290258674,1
1.1841904791072,2.04403523821384,59.8175426283012,1
0.908426705282182,5.58824314270169,67.7182817808542,1
3.8928308733739,3.21676102466881,77.1728339146092,1
1.79876310518011,4.68104854924604,71.8399047740497,1
7.18759924406186,0.109153771772981,71.2689299149925,1
3.5721607436426,3.50707546807826,59.9772871957418,1
0.346189024858177,7.30143077205867,56.3918790076192,1
1.8052599998191,2.95559900114313,65.2720861696336,1
5.26787203736603,6.08320440398529,59.242656383829,0
9.66368973255157,0.98151718499139,79.576153876052,0
5.2527295332402,9.85955751966685,70.930790246697,0
8.96775017026812,4.06746006105095,75.6163237030937,0
3.23173207230866,6.34616401745006,68.6772104047381,1
0.929431379772723,2.47099099913612,75.1229031983935,1
6.93605548935011,7.0336488680914,69.6054298554412,0
6.8371308571659,8.97092286963016,69.5329612089605,0
5.46194196445867,3.80239532329142,58.1090199036711,1
6.91345771076158,7.98798949457705,67.0012980434875,0
5.76689431909472,3.86851693270728,80.803432880382,1
3.30102508189157,6.56607653945684,60.2650878374978,1
3.48686005687341,6.71258360845968,73.1913596561123,1
3.62860747845843,8.23891065316275,66.2655469764149,0
7.11696353042498,1.02272092597559,56.4995862707969,1
6.89265209482983,7.48748439364135,77.9906669182183,0
1.40869119437411,6.46515254164115,72.7774389828746,1
6.07070764992386,7.99813777208328,58.3775348725997,0
3.67585367755964,9.16868997504935,59.7277113141448,0
7.41391322109848,5.93881053151563,52.0672116721573,0
4.18665451463312,2.08413805114105,82.4798484783374,1
3.0088423890993,0.0334458635188639,66.399526364566,1
1.26778712496161,2.93583527673036,70.9096998863362,1
6.62536014802754,3.06224137311801,72.1975137715739,1
4.89526915829629,7.92843317147344,68.9600108795957,0
8.86467592790723,0.0223127356730402,71.9684016788457,0
7.57303156424314,1.95102979894727,58.0552137763793,0
2.76328544365242,0.94845092156902,61.1272195146913,1
9.57522366661578,2.09500642959028,67.8592273438251,0
8.18214172963053,7.52324286149815,64.8802630368257,0
0.938429094385356,2.84679609583691,51.2809887532385,1
1.84158065123484,8.1943557295017,60.03000405848,0
7.24019350484014,7.56417386699468,64.3609879489049,0
9.69553207047284,9.08596217632294,75.6135438914905,0
5.13149415142834,5.12932540616021,65.0494894825539,1
2.27538093458861,2.53958057612181,64.4452896451395,1
0.367805256973952,5.62954244669527,56.6236022385879,1
3.26657333644107,8.69412289466709,56.8737923275344,0
7.72204628447071,0.0665661413222551,49.3543396078848,0
6.41421395819634,8.90449188882485,60.5096719361163,0
2.8729431075044,1.76796247484162,87.2298906328129,1
9.21148936729878,0.16044755699113,60.9361488880915,0
8.20952378213406,1.01363816764206,72.9137265686912,1
4.56195776350796,3.69443258503452,69.6552735982963,1
4.73891394445673,1.99471272993833,57.3540909042945,1
0.382095272652805,3.97350583923981,61.3482491483312,1
4.05256471596658,6.62988626398146,51.5038656034426,0
7.3701278725639,3.78341419622302,44.5892247084282,0
8.93849929561839,7.60027423035353,61.561473959858,0
4.77761436719447,9.04282937990502,68.3556819926402,0
4.61832124274224,4.79404361685738,73.4944301141601,1
5.72574055287987,7.36312379594892,68.9734874893202,0
8.11443308833987,8.96923245396465,69.5986733962785,0
7.08625342929736,4.51552232261747,67.06967632832,0
3.39284100569785,3.38554065907374,74.7449060207893,1
0.668047924991697,6.5552284149453,71.3827954817531,1
1.88915978185833,4.47449703933671,73.3202888700354,1
4.32987387990579,5.17305650282651,69.1874241762178,1
7.17361102346331,1.10480331350118,72.5523873099381,1
7.37076732795686,0.971349612809718,65.5933091223041,1
9.82091401936486,0.0854233815334737,42.7835270517114,0
1.5272668376565,2.22498509567231,64.934022998455,1
8.4644451434724,4.80771287577227,67.5896069480723,0
9.54795171041042,1.81256622308865,75.9353963881618,0
0.129020719323307,4.09025768749416,53.242723153574,1
5.02344444161281,9.39013523049653,63.9032136087205,0
9.04558934271336,7.39571191836149,79.4525164591521,0
5.72806772077456,7.1931637939997,53.014382682514,0
9.75589868612587,2.37855764338747,71.5746666012367,0
7.68984166439623,0.00912151532247663,70.9278418449534,1
4.79815611848608,2.76192597579211,65.0324962800778,1
4.35138742206618,4.30890840478241,64.2527442481046,1
3.42355590779334,7.07522196462378,65.2806787710488,1
4.04014322208241,6.654476611875,75.9420466067752,1
0.184214604087174,0.000824981834739447,72.9731513013123,1
5.28616974828765,8.83537569548935,65.7033909545798,0
9.72211284097284,2.6998852705583,59.7290487573133,0
8.57971184654161,0.0295240967534482,73.8693452439562,1
0.100273380521685,0.497351968660951,69.5246695788134,1
1.59168893005699,4.48474352713674,66.8286509784041,1
8.3399549103342,2.30460402322933,58.7229603506286,0
1.02724741911516,8.15263703698292,74.0525801861927,1
7.26119493832812,1.21986158424988,60.099242379884,1
4.38813477288932,9.90469725802541,77.348624444277,0
4.78356598410755,1.48428685497493,74.971233858813,1
5.48328699078411,0.803482364863157,84.3680833389342,1
0.162054616957903,8.85737238684669,81.0910294990019,1
5.99536831956357,4.86815835349262,69.3439458516797,1
4.35721103101969,8.41261080466211,75.3285759286234,0
5.51042673178017,3.57995195779949,52.1691726360111,1
9.33789140544832,2.84893290838227,64.1074949038513,0
4.38369509531185,9.17202006559819,83.370601767559,0
9.90429046563804,0.91397387906909,52.3300946939184,0
4.08230590401217,0.213041841052473,58.0729717394521,1
4.66192310675979,8.25858708936721,66.1809808081642,0
5.930491827894,3.24934929609299,57.069855542804,1
8.03027167683467,2.34351710649207,65.144580305895,0
1.77027295809239,9.31954551720992,49.8845496507319,0
8.30575168132782,1.72744686715305,73.3243987942533,1
4.1727571701631,5.94406372867525,77.8323013060128,1
3.5625988477841,9.34038583887741,86.5985285148074,0
7.72147592389956,3.16384551580995,48.8185450399024,0
8.13907376257703,8.44161430140957,76.0734740359474,0
1.77811507601291,9.22849372262135,79.0492585373645,0
8.72234067413956,9.25236350856721,81.950025685764,0
4.60490095661953,9.70075607765466,67.93692277775,0
5.20253936527297,6.7615636298433,76.3239141108793,1
6.16909807315096,2.39714347757399,72.9175170848166,1
8.95027014194056,2.61683773016557,55.6463096617855,0
8.23134280508384,9.15534333791584,74.8019864042173,0
8.70198441203684,8.48856867989525,58.8889202766981,0
0.859036820475012,2.76262337807566,70.5382307410995,1
2.81275133602321,0.387465497478843,86.6746881281008,1
3.20599985308945,1.43051287857816,53.6912482144104,1
7.55654124543071,4.83899165177718,59.3796342431612,0
6.8863094295375,3.28735335962847,56.9884656053171,0
4.39931339584291,6.52301907306537,62.3373746983725,1
2.34285599784926,5.67732346709818,66.9738795122013,1
2.89573258953169,7.60723253246397,65.9905688545369,0
9.0094670956023,7.12794417515397,79.421586274822,0
6.90263957250863,8.34583124611527,51.0749357097876,0
2.16855336446315,1.62294118665159,77.7550224739935,1
5.91716593829915,2.02119201654568,54.0258671497261,1
6.75280653638765,5.0773487589322,58.0604073746125,0
4.31306381244212,9.4827340147458,64.1258057264848,0
1.31182851269841,6.77578900009394,52.3111844491614,1
4.04367502545938,6.40394339105114,69.3024358762962,1
9.15304856142029,9.95222127763554,73.0073951459931,0
2.41566458251327,7.98211510060355,65.5645299435667,0
1.87001568730921,6.04812219040468,66.4157312049531,1
4.63991549098864,9.13842289941385,66.8155259313428,0
7.24329973803833,7.15255002724007,62.3712754615643,0
9.78117055259645,6.07352550374344,65.1524305257876,0
5.9562353300862,7.8923226846382,72.9217287088706,0
0.802922311704606,9.98678884236142,49.2331656707248,0
8.92086502863094,1.29084716783836,62.7548119441573,0
1.54790762811899,5.9175603883341,67.4912290766155,1
8.68132862728089,2.25553685799241,67.288786746417,0
8.71867995010689,3.26417478267103,61.6771823320008,0
3.79770468221977,8.43870086362585,63.5980710869903,0
9.86429079435766,2.14567914837971,81.761739516057,0
8.67098087910563,7.45924033224583,80.4342811923268,0
5.28458304703236,7.11210526293144,70.856301245876,0
4.3203927972354,6.23643631581217,63.8426315145661,1
3.89406799571589,8.56538954889402,58.396943279993,0
6.43432802986354,4.60080720018595,66.5006130036635,1
3.46049132756889,0.709848471451551,72.547082147974,1
3.59510047826916,7.65848104842007,58.1622516307523,0
1.77143421955407,8.09661079198122,78.5327966202797,1
7.26472620619461,9.24762678332627,50.6543047097096,0
7.62603996088728,7.52624306827784,57.560968997378,0
8.31574918469414,4.04927850468084,65.1982682995358,0
6.96751051582396,6.47229756694287,76.9991135229179,0
9.44220982026309,3.91761708306149,60.2979460023473,0
8.10264213709161,4.07908274559304,61.329507027508,0
6.60439806291834,1.86496534617618,58.7056926170982,1
5.66692483611405,8.40161299798638,66.1164649582289,0
1.94577126763761,1.36798496823758,57.4211998368323,1
3.78829575376585,2.23429555306211,51.2429123023307,1
6.66846077889204,0.952685705851763,78.0946272504789,1
1.92487184423953,8.02525390172377,64.448899724587,0
4.41901174141094,1.85718576423824,84.3304751249662,1
1.35797215159982,3.90523456269875,71.336172002884,1
6.05369519209489,9.81142429867759,64.9083322370852,0
6.11964552197605,5.48846329096705,72.0815028487029,1
1.92607746692374,2.05561944982037,65.5152827694865,1
0.31473123235628,6.06908778427169,71.490879560841,1
8.8248902070336,5.09768822230399,67.2330411792401,0
2.14797482825816,2.90964769897982,73.6943249159113,1
5.72634406620637,4.05131985899061,58.7722188624342,1
3.90281094936654,1.59410972381011,71.3644615738253,1
7.76933460496366,1.30804026499391,76.8012571606842,1
6.59724611788988,7.11117455037311,72.5417740778687,0
7.33225668780506,7.56711359368637,56.5139619534589,0
2.86789185367525,0.790386528242379,62.5792292554188,1
9.64708332670853,6.51341593824327,71.2837193613495,0
5.12250068597496,3.54444180615246,59.117730101757,1
5.9146059001796,3.23338471585885,81.4614536324148,1
6.71352403704077,0.895611646119505,64.6924921505031,1
6.38965587131679,6.8061222601682,45.8771426623198,0
6.12787349382415,7.10129121085629,67.7236530846038,0
9.23805686179549,5.16441781073809,48.9090530735719,0
1.50420363992453,2.90237364126369,65.7947188913257,1
1.21070140739903,8.37214465718716,62.0666607099554,0
7.44481608271599,5.89827298885211,67.7385380216828,0
9.37342972960323,2.07676374353468,65.3595815331118,0
1.1029372131452,3.83052353048697,69.6905672482807,1
2.24172291345894,9.77204059716314,68.1236859185809,0
0.382526388857514,5.69994671037421,62.0750199197997,1
3.14080029027537,4.81187806464732,65.7612958469516,1
2.91836160933599,4.40813506953418,73.3146933082884,1
2.76778009254485,3.52951315231621,46.0421611793545,1
2.59347358020023,4.30095102638006,65.5830579196906,1
3.46343200653791,8.95997955463827,54.8239306754132,0
2.23614122718573,7.11742748739198,79.002684420939,1
3.49044147646055,0.313030425459146,83.1656235534518,1
9.01757756946608,4.51014275662601,70.6816579875586,0
1.32282224949449,9.69793780473992,57.6835140374304,0
8.12279745936394,1.26157936407253,74.1075666039607,1
6.13080763956532,8.87092616409063,77.3985269850229,0
9.0143132978119,0.43279703008011,90.9422681415992,1
7.39327924093232,4.00044790236279,71.2116908293394,1
9.30177357746288,8.80643890239298,77.6021259560232,0
4.77802013745531,8.61987834097818,60.285223955501,0
0.290621449239552,6.40339757548645,60.989485391979,1
6.98613079963252,7.05368655500934,57.1703504631595,0
2.86079030949622,8.32311874255538,63.730984596793,0
9.84478242928162,8.21073986589909,73.8659015090846,0
2.82932552043349,4.61875391891226,75.4543834943482,1
2.20290499739349,2.3002672358416,58.6885528242328,1
8.54419119888917,3.60655962722376,55.7747355176211,0
1.47472926648334,3.68875463493168,62.8887027563011,1
5.09298410266638,6.67456296971068,69.034793795174,0
1.33244757307693,6.34739711415023,71.7242885901411,1
7.03641548054293,3.19152222247794,46.3143674960583,0
3.14865530235693,3.99481690023094,69.3785933000992,1
8.03017765749246,3.05960143450648,60.7149933165832,0
1.52583583490923,8.12861270504072,63.3079207066673,0
1.20794227579609,8.37284542154521,73.7590599542681,1
0.112666774075478,3.4830994065851,39.6177900981682,1
0.658839456737041,4.09439099021256,41.1194862463841,1
0.417734659276903,0.0272006564773619,61.4963388200334,1
9.11840009968728,1.83359601302072,69.5990186198477,0
7.11833398323506,0.212043961510062,58.925717846735,1
6.83776628691703,4.12478106562048,89.9758293920897,1
8.15359421307221,1.18197528878227,81.4259479136564,1
0.259134718216956,8.5548821464181,81.8925272089568,1
2.12872689124197,5.84560475312173,72.2797502926754,1
4.88624007208273,4.42127595189959,75.0166446458535,1
6.64987625321373,5.3417503926903,65.3839867300397,0
9.22999416012317,3.30460777506232,74.7709388794359,0
6.88633850542828,4.59314850158989,69.3298337839329,1
1.12493830500171,3.65248325048015,55.0334948335333,1
5.94114720821381,5.73551226174459,52.6145428853454,0
6.25490893842652,7.25372951244935,58.0557089757114,0
2.82133537810296,7.75732182199135,69.1052685058451,1
6.34142694994807,5.02314715413377,74.8393662831139,1
9.16299823205918,8.06426635244861,53.7926322831157,0
3.04447333095595,4.52606885693967,67.4115502782948,1
4.18498492799699,5.32323744613677,56.0534555604486,1
5.47737695975229,9.58364513004199,85.5562140948601,0
0.847129423636943,0.430532270111144,74.9592719516223,1
0.201509380713105,7.26778149837628,70.4811753445711,1
8.44914838438854,2.49499663710594,68.5947790128564,0
1.33151550311595,5.50035289954394,58.3423611779205,1
3.16013996256515,9.20034653972834,81.1114340721358,0
8.21093975799158,8.00133703043684,65.8469501341468,0
6.65791856357828,1.17337382631376,75.7394380242041,1
1.16984271677211,2.20568940043449,69.9012409488278,1
2.90873198537156,7.93960212497041,70.5635653805435,0
3.98648830363527,7.72511925315484,89.2082961774619,1
1.2946359324269,3.83141333702952,72.8247402959646,1
8.9759499183856,2.49880510382354,70.6995361082393,0
5.27640335960314,4.3749907403253,70.0340549348129,1
8.38606110773981,5.63342611305416,80.5099055224472,0
1.28004464088008,2.38042124779895,88.4682585791831,1
6.04230013443157,3.34051965503022,63.6158276845528,1
7.58426636224613,9.97729318216443,66.7779102921868,0
3.70331376325339,5.80897332867607,61.3971951993446,1
1.87134338077158,0.938146635890007,70.0296983907564,1
4.98291154392064,2.06631101667881,59.0031082123396,1
5.77487700851634,2.43989943759516,53.9672920289655,1
8.67646312341094,9.30545678595081,84.9471560116997,0
0.871342688333243,7.95845658285543,73.5723478442132,1
7.13623173767701,0.958600773010403,73.8957226302673,1
4.40564615651965,4.83578523853794,72.4483920448416,1
5.26401375420392,6.87672747997567,66.4712220903436,0
6.82801464339718,6.82323762681335,56.4984644223533,0
8.41033974196762,6.05981095694005,62.043380134897,0
7.90649420581758,2.90177461225539,64.4650893540852,0
5.48713858937845,5.7481792755425,69.4056152586807,1
8.03040055790916,6.86731633730233,60.901989797751,0
9.77209128439426,0.251030316576362,60.4518847849708,0
2.9840583098121,5.66057217307389,65.8494530877158,1
7.52197581343353,6.21530695119873,70.6146956274665,0
1.08448270242661,3.40735237346962,59.4724729952011,1
4.46744054090232,2.51952918246388,66.3987516960654,1
9.05373740242794,9.49544706381857,81.0677824291855,0
4.39488544128835,9.7519948054105,66.6926964911356,0
1.63450992666185,1.78548001917079,65.3398259949817,1
4.11439829040319,5.73455890873447,67.0656909578231,1
3.7105037481524,0.954913613386452,65.1428224097604,1
8.13637266866863,8.77432211767882,79.2807345280655,0
6.99655370321125,5.78380642458797,69.8638945382628,0
0.65804359735921,5.20291312132031,76.8473454152199,1
6.36457766871899,6.90204777522013,46.7085428214999,0
9.568900547456,1.17912886431441,73.1950661191764,0
8.80779457977042,5.22261306643486,80.586651534258,0
0.191748864017427,1.51309573557228,66.7221326129975,1
8.01168221049011,4.8232693481259,63.0068978583662,0
7.56285778479651,8.22945236228406,62.2186930591765,0
8.0614787642844,3.19103107554838,77.7005832921553,1
9.30073696421459,6.59980861004442,56.1719726053491,0
3.22150498162955,8.0009080353193,58.9378075808088,0
2.69385277526453,2.09569601109251,66.4354747954278,1
9.20274773845449,0.520130770746619,61.3339782410283,0
6.42665221588686,2.26767191430554,57.8315756121623,1
0.0273439334705472,6.44730700878426,70.7093026840271,1
8.09442616300657,0.398695769254118,68.3794134412819,1
3.16173076629639,3.97286310559139,64.7932586849513,1
6.78088427055627,9.20607617357746,79.692393019591,0
2.25470264442265,3.08709965087473,60.7777453156811,1
6.83912506559864,0.467185948509723,82.9340291957789,1
7.11290906416252,1.81721111759543,72.7119413581441,1
3.58738114358857,5.67456688499078,82.1295227877087,1
7.78453937731683,7.1704861917533,67.970139109588,0
7.0767175569199,3.8152197143063,71.9234659939043,1
4.2073221784085,4.94739114074036,60.1195050938276,1
3.11411804519594,4.18253913521767,90.7850817552649,1
3.92022332176566,9.79166112607345,60.2130201639852,0
6.88085080124438,1.69588996795937,71.0523954730437,1
4.31530400412157,2.0246993470937,77.0474600101336,1
4.13176541216671,0.672137229703367,74.1464050111077,1
2.70076440880075,8.47981113009155,80.308635397971,1
7.62338078813627,7.90530635276809,79.3073005667805,0
2.06508171977475,5.65343361813575,83.1603116536859,1
7.18433831818402,0.218396345153451,73.3509951749201,1
2.33109456719831,7.77261017356068,78.2121211165825,1
0.299394035246223,3.75564665533602,68.76370835138,1
4.81483371229842,8.78212383715436,74.7267121432446,0
2.48947644140571,9.69718026230112,46.0534334314814,0
1.78887265734375,2.85634621744975,67.9304325208923,1
3.08713090838864,0.667977177072316,48.788204175337,1
6.68813067954034,8.18116255570203,72.2963602739223,0
0.962789850309491,4.85822494607419,69.1161530458635,1
1.29368138965219,5.46179452911019,71.5711984210641,1
6.59527573967353,1.2511263997294,69.5866380151148,1
6.2556351092644,3.1421224353835,73.6578267852184,1
7.74031230714172,6.08551437035203,60.583713823985,0
7.93864313978702,6.60083712544292,75.9420991870453,0
0.780959678813815,8.59459692845121,66.8838066275502,0
3.17910765763372,5.03133426653221,76.4637471462475,1
2.90996727533638,4.62905314052477,65.9405217319096,1
7.24757937714458,1.5484444773756,49.8983195857314,0
3.6451826011762,0.998153563123196,63.2149049156991,1
0.226923886220902,9.6620867610909,74.4704440861838,0
2.75365820620209,4.65560929849744,75.8286340175087,1
5.21191550418735,3.75443235039711,73.2304809480129,1
2.31288216542453,7.15421458007768,80.3382347976722,1
5.9117995784618,5.28164396295324,70.8034179085912,1
8.81613745121285,2.95433259103447,65.2925941291149,0
4.52910168794915,9.45134312612936,75.0488004837763,0
7.83393944846466,6.30121186608449,62.8246511171043,0
1.40750993974507,3.31548568792641,76.766286924766,1
6.49716903921217,3.12106108991429,53.251703431813,1
3.40589852305129,8.98938634200022,50.7541264836183,0
1.44967873115093,0.989547714125365,71.5198846585223,1
1.65469114668667,2.50323259038851,64.8826725765511,1
6.2393318163231,1.3459112169221,72.4906314180921,1
5.27873721439391,8.75020522857085,76.519590433145,0
4.3586149206385,5.98740808200091,56.8947369451124,1
7.33325353590772,8.03067611530423,67.1172898971914,0
1.67560010449961,7.65660790959373,64.7957967929999,1
2.92720526456833,2.69037276739255,64.5629990075714,1
6.85551528353244,3.5546285007149,68.7717706092359,1
2.07873326959088,7.14634810108691,54.7292114616382,0
1.59376976778731,5.53470699349418,70.5365573169036,1
2.75206139311194,0.355313601903617,46.9455328907959,1
4.12599470932037,5.49954211572185,75.2417478634637,1
8.31611039116979,6.52450303314254,81.8688248915913,0
7.71896007936448,7.10692955413833,72.2282236643406,0
0.202479523140937,9.02161248959601,52.6705283889852,0
6.53716542059556,0.645754088182002,76.9214866874335,1
7.201072932221,5.413066027686,77.686062459615,0
5.90863797813654,5.97606878727674,55.0437537737746,0
1.67650668183342,9.01284007588401,45.481926478723,0
5.2930320892483,3.89852317050099,57.8034097599367,1
0.494620623067021,4.54254929441959,60.4969492942041,1
3.71627181302756,8.19258092902601,70.4402986412444,0
7.43872099090368,9.63699344079942,63.5705638348365,0
8.90784827293828,7.32476343866438,93.3979419948183,0
7.79837073758245,5.66148386336863,51.4276265478798,0
9.83358156867325,8.74245536513627,65.7640423070054,0
6.98629754362628,0.519090052694082,52.453192244871,1
4.41697196802124,5.91667385073379,62.2391054058173,1
4.76720604114234,2.5965346605517,51.8493097619849,1
5.55798366200179,7.04832968534902,76.5996700058416,0
9.70374593045563,2.22588991047814,65.3513384695086,0
0.0392639171332121,3.36557130329311,55.7894922696067,1
3.74155125813559,5.19754700595513,69.6106871595367,1
9.19724708190188,5.35679228138179,78.383067034814,0
1.44765057368204,3.1205280055292,66.3338066582426,1
0.61561492504552,5.08015216328204,72.1855449230388,1
1.29306330811232,7.0023564947769,66.5634538983498,1
1.25498547917232,0.480319773778319,55.8456936141101,1
6.76966906990856,3.08324956567958,82.9148729031463,1
3.40397004270926,9.44815258262679,62.3405386492861,0
2.21286483108997,6.82730896864086,82.640545385584,1
2.34847724670544,5.26485645677894,74.5351081511747,1
1.41891941661015,6.57003519590944,45.5360022101122,1
1.69967321911827,9.9026690190658,59.2334235872592,0
6.31918732076883,9.9759729928337,61.7148684192088,0
2.69570574630052,4.11859202897176,76.9932686620767,1
2.02114107087255,6.69992442708462,76.5032145174757,1
7.50257197767496,1.24889158178121,73.1547838506151,1
1.56458382960409,0.989298741333187,73.3041319671941,1
9.26461512455717,7.2966241161339,81.7882620215623,0
8.85283967247233,7.79508793959394,70.5742169030232,0
3.62418319564313,7.51201825216413,74.8339011841926,1
1.25301831401885,7.10857230005786,60.2615751949374,1
9.98407561797649,0.78011704608798,67.0657031526503,0
1.42998248338699,0.253013093024492,73.1363971829154,1
2.2824023803696,6.27691183472052,74.3560877071162,1
1.50236410554498,7.48925009742379,81.5587326063649,1
0.141981712076813,7.64609899139032,77.7538076365556,1
6.64972936268896,8.34500420140103,47.4787886622684,0
